979111117
941629151
989111167
941117141
943833511
929111151
859111129
979121264
961356811
951288891
961473871
961641241
851119481
961123941
961923511
944119511
961419811
951552821
961815161
949114193
961887211
962968281
961897851
961272531
961881911
941786421
979111254
961699851
962719891
961642461
961886661
853131621
954136211
851241561
961139481
961474571
951552951
961353811
941467251
961471711
963385111
951614131
989121321
851288441
912352931
951676271
941516611
961472971
961472991
931861791
961886711
961293321
941181291
944341151
851199111
961641651
913962151
961641671
979121118
911671171
931818711
931181921
961898161
941833731
961473121
961423541
951165851
961522881
864158951
861886811
979114111
979141217
862716291
861561151
961354111
861131611
961168891
859114581
951814861
961643171
931654951
869111292
972311551
989114512
939111121
859116199
949114135
963676251
969116251
861638451
851199221
972316691
959111171
861136151
953121381
963374851
862279831
951542411
859111161
951675411
865273951
941464491
963893591
853111121
961641961
951121131
989111146
979118111
861154741
851611851
862729521
864317791
951675711
979141115
973688311
931316811
963457821
942614861
861291571
961619551
931181391
951268521
979118136
861357791
861887121